1000
594 1515
229 1050
817 1212
185 381
788 1246
328 1144
330 1026
177 1017
817 920
600 1591
286 484
677 687
17 161
278 889
139 1017
763 849
798 1792
905 1873
739 830
514 1042
900 1744
695 1278
538 1411
774 1130
326 701
697 1311
924 1299
974 1916
870 1123
903 913
481 1149
94 374
12 364
599 1351
793 907
630 1324
308 634
628 827
549 952
553 1430
776 1379
841 1542
977 1793
994 1842
419 1317
208 1109
916 1571
532 1461
5 489
31 830
948 1611
844 1102
339 812
455 1345
874 1236
117 120
963 1922
55 348
125 527
139 1036
650 1350
148 716
353 386
847 1558
515 1395
861 1326
893 1599
73 658
529 1058
825 1229
241 1184
757 1315
252 1065
849 1579
565 907
625 842
40 815
135 882
806 1789
456 1131
213 531
138 597
374 938
43 947
91 960
658 1344
163 932
242 1010
932 1024
497 996
784 907
714 1540
896 1098
923 979
183 915
729 1479
401 621
559 1335
782 1385
31 257
823 865
910 1249
809 1314
105 848
948 1551
240 973
725 1032
909 1883
507 1340
380 423
916 1026
143 461
680 1384
444 907
657 1133
40 521
517 820
818 1145
807 1084
68 176
878 1539
839 1795
966 1068
281 1107
933 1595
868 1070
771 783
518 970
66 1030
266 991
438 1097
204 512
960 1336
634 754
3 58
226 1108
67 134
189 223
167 638
211 664
131 563
654 909
442 967
706 1568
487 812
585 864
982 1772
585 1528
516 1088
62 582
978 1267
753 799
706 1649
430 656
764 1406
678 1574
72 757
150 1018
208 417
728 777
884 1550
326 1193
454 718
160 484
187 762
194 360
215 515
562 836
241 1234
499 505
986 1516
253 664
565 969
629 1403
963 1673
173 1021
374 1226
65 247
115 693
856 1159
152 203
819 1539
350 732
992 1936
725 1217
301 365
372 927
474 1412
309 765
63 336
165 402
471 1363
88 625
72 628
113 394
857 1475
331 360
336 370
409 739
976 1463
172 802
550 1448
183 560
834 1679
831 1729
468 817
486 1426
592 1167
827 844
481 775
297 636
262 891
718 1318
13 141
280 622
965 1770
971 1487
701 856
891 1780
351 427
137 957
775 1399
111 479
549 840
384 415
935 1617
720 919
661 1100
149 824
917 1699
15 899
585 924
750 1390
845 1840
527 724
69 86
15 860
640 1119
564 1106
769 1718
572 1277
629 1274
902 1193
435 839
316 669
184 868
587 1358
22 361
761 1629
332 973
63 817
656 1087
949 1598
261 775
190 221
461 576
86 529
758 1100
84 278
744 1145
898 1828
436 922
51 510
175 988
677 1537
452 1193
612 1073
522 1437
109 893
427 727
165 407
765 1018
683 1559
945 1066
421 1111
872 1192
618 927
156 178
118 451
833 1629
191 829
887 1044
98 509
70 630
545 1395
210 274
442 1418
315 794
850 1111
598 870
301 772
590 863
779 879
293 1191
431 911
45 1020
468 1401
130 1049
694 1247
477 718
754 1442
303 500
662 1633
674 1540
582 855
136 1020
95 175
507 1382
178 980
123 1085
632 801
935 1036
101 520
19 167
322 819
387 464
536 579
273 824
364 664
415 1362
572 1125
182 850
983 1673
893 1407
842 1211
474 949
537 1299
927 1918
179 1126
489 1344
794 1672
930 1261
271 827
881 1518
855 1504
934 1714
552 1021
798 1334
510 1202
400 753
411 1286
179 480
988 1447
642 1162
404 537
373 924
361 666
233 866
859 1326
620 687
114 1022
845 1513
375 1019
202 1088
686 1642
590 689
829 951
398 568
579 973
689 1025
525 588
237 1124
718 1189
518 1449
936 1428
996 1048
398 1241
70 196
837 1462
363 888
579 885
974 1736
426 1151
930 1288
117 737
44 687
34 316
528 633
104 504
34 75
890 922
443 1084
225 739
765 828
490 619
586 656
433 994
830 1042
285 1047
920 1675
732 1697
397 516
598 1524
223 926
324 582
94 661
640 1531
206 1072
755 1080
928 1174
452 1319
315 554
779 1277
449 866
258 981
170 514
686 1254
461 1098
845 1530
690 1212
294 432
88 1023
27 674
800 935
970 1051
732 1508
946 1346
13 739
896 1711
141 297
536 1201
850 1426
231 543
211 288
348 603
950 1593
391 782
928 1347
36 117
904 1264
160 797
134 594
35 183
184 1117
313 992
439 1290
342 984
425 1351
952 1941
354 1007
242 547
294 928
694 918
403 486
303 612
441 1258
296 1224
275 960
426 1238
968 1709
489 1249
590 774
400 768
109 814
355 819
357 1308
767 1419
583 1397
226 566
247 1130
647 1337
698 994
616 942
979 1023
136 436
135 1114
58 784
161 620
92 715
163 963
85 606
749 954
523 1209
369 472
24 642
984 1008
658 693
318 593
711 1362
669 1517
949 1754
177 186
881 1221
818 1144
961 1943
477 877
853 1080
603 1333
911 1237
831 1767
942 1110
958 1559
553 1183
226 491
631 880
463 1044
404 1046
940 1227
332 444
963 1609
444 885
44 343
667 668
27 958
325 536
218 486
377 906
867 1150
509 955
546 687
693 1055
73 172
354 368
736 1423
124 824
332 902
140 517
219 379
376 975
441 495
160 820
320 1210
540 1080
171 221
985 1055
190 869
430 694
128 266
628 1493
823 929
564 1072
26 83
884 1130
567 1180
195 204
666 1022
20 359
244 805
878 1646
961 1177
836 988
245 864
766 1141
755 1151
238 818
852 1007
86 965
210 533
475 605
287 310
490 796
377 888
995 1969
422 1296
740 1124
440 1017
887 1574
546 1200
60 363
400 1051
233 486
805 1477
482 850
346 1304
497 1131
979 1967
290 999
849 1135
681 953
159 581
6 958
349 1243
637 886
547 597
550 850
700 836
552 1058
806 841
872 1025
344 1066
137 813
708 1136
384 1294
713 1131
532 757
191 731
175 1068
432 598
140 472
214 905
983 1898
825 1361
419 1404
921 1566
136 754
365 640
293 720
701 731
335 750
446 1315
990 1628
759 926
530 1074
331 1002
227 773
713 924
812 1703
745 1329
874 893
227 239
636 1582
637 919
371 1062
310 369
457 1214
278 726
746 784
965 1242
581 878
298 1107
194 206
18 25
902 1018
589 718
485 655
491 965
114 243
754 1592
171 236
247 876
173 700
427 1347
563 957
195 692
41 887
656 892
209 884
593 1057
141 677
591 1571
56 140
452 623
563 771
359 446
623 1230
66 863
132 627
715 764
239 502
544 825
108 310
868 1538
227 1041
132 854
348 1072
700 1105
158 311
926 1001
711 997
160 496
244 472
483 1212
73 273
776 1089
813 1487
592 866
226 1039
942 1748
626 701
878 1205
150 729
731 1040
83 93
382 529
647 1191
833 1725
122 440
971 1167
868 969
507 1189
773 1225
307 659
264 866
508 751
28 416
568 747
317 969
838 1591
661 883
899 1208
116 849
551 1142
401 924
785 1055
622 915
303 1051
95 706
98 810
563 1523
953 1545
698 1221
769 785
173 782
120 307
181 553
494 1144
103 149
239 1097
568 593
126 317
668 1450
938 1054
743 1132
827 1135
699 832
898 1296
654 675
765 946
980 1866
718 880
256 470
162 874
610 1012
568 747
777 825
721 1519
828 840
912 1837
751 843
231 683
224 706
200 431
501 1467
762 1244
850 1332
994 1101
46 203
170 827
909 1000
187 226
137 398
835 1154
271 372
242 617
191 1017
825 1593
658 685
998 1159
991 1752
993 1188
241 582
652 940
848 1671
296 407
913 1397
148 551
743 1080
720 1087
436 751
740 1720
491 1410
747 898
944 1042
662 950
857 865
833 1285
347 834
90 287
660 1047
306 1232
221 1028
680 997
142 543
682 1613
67 491
910 1469
341 351
60 698
106 829
276 1240
730 841
766 844
948 1806
625 1586
595 879
886 1056
442 1009
485 1070
318 487
515 1253
591 1369
648 933
786 1495
273 1166
431 981
207 369
659 1634
590 1550
183 752
920 1051
203 362
299 945
76 862
582 1329
953 1051
836 1733
874 1359
532 545
192 998
904 1880
354 818
488 855
789 1221
677 1650
999 1597
455 1010
107 862
200 384
891 1026
282 479
231 350
92 550
602 1579
821 968
781 859
474 963
540 1503
854 1185
393 925
654 1399
481 943
299 1240
216 1068
476 936
985 1744
656 1225
228 329
377 560
77 276
328 539
275 1078
698 866
117 1022
497 1008
788 1293
255 877
317 872
561 1447
757 795
345 1088
795 797
310 334
453 493
205 736
237 1124
93 606
40 832
679 837
48 578
668 1505
385 661
457 1160
181 552
588 1527
408 694
32 588
638 981
931 1023
733 870
974 1945
374 442
834 1250
210 1076
924 1535
394 1339
446 578
219 475
186 587
626 753
690 1077
411 1134
941 991
416 1289
492 642
361 828
119 207
885 1839
854 1303
819 1599
58 624
723 1229
49 345
112 348
695 786
713 1100
828 953
108 879
525 1051
994 1012
26 734
836 983
795 869
451 453
521 1144
780 1361
188 1045
437 675
151 701
824 1023
992 1530
936 1757
13 59
942 1833
922 1860
259 560
996 1092
446 590
169 1068
145 188
872 1798
622 683
133 193
649 934
961 1787
483 1437
714 1134
773 1501
816 885
969 1060
357 587
391 745
676 866
497 695
439 1082
240 553
919 1782
724 778
274 649
689 925
551 1076
188 455
944 1258
345 458
381 697
555 1294
896 1195
92 665
487 1429
122 1050
935 1298
591 1446
576 892
259 1110
41 991
85 679
473 1099
859 1629
939 1496
882 1555
871 1661
411 531
87 943
692 1619
148 315
853 937
528 1325
937 1394
112 662
659 813
498 1243
98 1070
722 1680
93 755
866 1194
685 775
116 213
209 765
303 557
481 933
419 1107
886 1186
483 1308
755 1703
373 788
101 325
511 1063
546 780
861 1501
246 974
966 1898
816 1251
380 406
989 1025
278 750
839 1537
158 884
996 1990
901 1006
941 1568
870 1265
