100
876 928
443 536
627 659
256 314
790 798
580 644
486 524
778 852
242 263
310 328
629 641
818 839
775 803
819 828
828 872
813 819
194 251
797 820
939 946
131 214
865 929
97 101
301 329
176 220
748 836
512 542
950 1033
101 127
810 831
185 224
63 162
695 706
607 653
784 883
603 619
332 401
979 1062
171 204
9 10
527 537
187 227
838 928
73 113
214 250
212 265
226 254
102 124
237 299
766 788
312 382
289 334
189 258
426 440
252 289
413 493
545 598
170 207
441 537
27 35
831 871
111 169
867 882
978 1035
627 725
478 518
818 838
936 945
739 802
721 813
150 185
122 171
438 531
136 216
239 303
886 957
755 854
127 150
564 623
78 170
907 916
483 509
27 47
85 104
133 140
109 194
292 324
684 715
875 896
609 625
335 384
537 628
198 264
64 127
475 571
305 340
403 492
459 543
207 253
901 943
703 767
