1000
406 676
811 1171
677 881
2 366
970 1717
442 1405
2 839
548 1088
460 1004
235 277
279 763
998 1745
353 960
242 552
647 875
711 766
849 1724
765 1292
430 1198
241 642
865 901
714 934
223 838
758 1442
157 504
76 866
829 904
535 718
32 163
844 1525
357 1265
86 293
134 986
84 649
970 1649
316 504
713 745
406 1344
645 811
972 1128
511 561
944 1637
475 955
227 1088
609 681
892 1212
330 1309
877 1342
181 1144
28 532
640 986
690 1044
728 825
642 1016
613 1581
880 1005
16 841
169 1013
656 1053
703 1321
819 1415
936 1086
925 1740
614 1073
128 1123
313 1082
691 695
473 893
452 921
145 211
435 461
542 994
202 266
646 1505
459 810
475 754
297 1062
779 1355
930 1676
385 444
740 1440
178 962
702 1354
203 710
471 1172
572 1479
77 544
709 989
529 886
489 830
58 376
970 1678
433 1183
282 646
847 1516
773 1361
367 1319
370 792
954 1880
928 1355
625 1478
332 388
670 1065
334 534
750 927
891 1700
493 1355
867 1794
962 1113
641 1451
170 585
748 1638
365 485
310 982
396 987
449 824
442 1225
429 894
528 644
15 294
291 1198
438 1223
767 1073
62 793
807 1511
891 1869
117 758
866 1701
111 641
506 1014
119 1075
881 1796
89 752
378 1348
778 1173
247 317
300 338
206 627
695 964
502 1005
324 718
832 1274
33 732
628 1125
227 714
4 704
793 1031
613 849
900 1244
204 235
737 1190
451 842
841 1499
810 1347
278 943
39 994
57 929
395 839
921 1297
939 1441
861 1157
200 856
885 1051
890 1028
508 603
167 414
898 1517
988 1729
628 1427
276 535
462 1130
212 1084
890 1850
666 1479
335 1294
313 510
253 1119
203 694
30 124
627 1166
540 1335
136 575
765 890
530 1276
922 1730
3 740
826 1394
960 1678
878 1505
529 743
936 1131
762 953
59 377
32 122
411 1072
979 1283
454 571
93 665
240 865
316 832
783 1455
251 861
590 1154
326 796
190 1046
34 513
401 1198
20 481
114 168
901 1779
713 1595
532 1052
997 1623
91 681
249 1009
104 137
783 1140
642 1016
271 592
842 1656
176 1054
292 1222
25 338
390 882
365 1009
720 799
876 1129
598 1472
230 272
463 1295
152 1072
864 1800
627 1486
309 1209
178 682
712 1419
732 737
636 747
317 696
601 1284
21 696
113 1012
278 342
123 632
104 1043
340 597
858 1415
544 1030
414 1268
384 1329
708 1158
651 1093
453 1093
551 1322
17 522
805 1196
178 1097
288 1098
333 1098
317 755
702 712
45 958
565 1155
750 1082
794 1281
276 780
935 1215
296 686
918 1118
511 799
55 372
677 912
586 905
395 1315
82 795
708 845
722 1477
401 1041
695 847
971 1814
989 1589
697 1623
230 1224
314 815
544 1370
787 1387
494 1311
185 618
134 715
352 921
645 706
57 425
166 625
358 573
961 1643
56 1007
280 386
875 1738
98 640
362 1357
719 869
593 1159
966 1098
997 1450
711 1413
373 730
114 545
75 356
240 675
846 1400
115 370
503 1252
359 1091
610 1420
624 950
803 1499
474 872
260 1053
880 1491
597 1189
311 1282
300 726
752 1128
58 1051
161 1066
897 1527
511 912
729 1600
483 1175
680 1141
16 500
155 647
232 1001
635 748
378 963
56 746
906 1263
467 1126
731 1257
2 248
781 1681
874 1167
652 1256
163 299
294 490
947 1259
678 782
154 418
871 1013
727 1329
726 1510
290 1275
139 249
643 867
986 1984
468 1237
897 1240
412 1314
297 1225
388 980
122 459
254 408
439 848
416 1079
902 1046
263 1244
279 1185
964 1735
367 1327
993 1347
957 1419
121 328
155 1042
107 560
813 1661
396 1333
183 834
441 1416
411 1269
988 1654
352 604
645 1629
509 1119
754 1631
569 1317
229 1108
561 1265
84 801
941 1485
521 1276
390 660
42 969
919 1403
900 1583
340 1230
347 393
492 837
28 382
954 1737
581 1457
882 1046
105 549
866 1056
511 1319
84 469
913 1740
653 1610
752 1678
439 445
607 740
246 554
529 620
651 1561
444 1402
44 422
184 1111
540 830
721 1480
830 1063
917 1832
617 1449
93 716
139 337
547 1126
202 710
62 863
166 1110
891 1709
853 1541
127 1025
64 376
175 781
601 1498
715 1147
128 762
698 796
464 1256
720 1324
988 1608
533 1077
126 1075
695 988
891 1830
462 559
625 1567
993 1036
252 421
999 1205
416 1131
637 1183
347 1035
994 1158
478 1193
766 1585
334 987
713 1526
952 1362
457 1301
347 1267
292 618
212 498
719 1184
806 877
670 1245
784 1444
119 604
346 813
647 824
180 947
346 1213
770 831
31 754
821 1310
565 1086
759 1617
197 1169
495 1412
787 1441
338 1148
227 351
468 1168
959 1774
165 772
342 1040
372 1062
916 1059
101 401
216 1139
139 922
794 1693
991 1984
221 1060
260 621
843 1443
170 594
74 713
474 508
805 1797
639 787
688 1053
188 1145
858 1148
255 331
563 1310
209 568
996 1549
702 920
743 1706
930 1869
913 1014
361 701
90 278
372 1268
178 543
395 1263
80 1016
175 466
225 1009
717 1506
529 1456
498 1025
831 1032
95 1022
515 541
864 1645
477 1056
120 689
765 1258
815 1760
856 1067
163 452
146 485
579 1303
473 770
863 867
575 938
881 1640
914 1891
684 1114
354 903
210 1042
478 1161
751 996
174 742
188 572
129 481
671 947
41 644
350 866
899 1114
870 1345
928 1680
232 1075
79 348
624 1410
168 355
969 1617
868 1589
891 934
287 719
777 1195
134 936
44 220
403 799
42 345
961 1226
128 1018
367 1080
83 531
980 1688
584 734
893 1447
796 1558
274 314
156 718
470 1404
978 1583
86 462
131 622
770 1297
792 876
790 1712
324 483
985 1393
957 1924
115 657
115 476
95 359
122 844
302 933
282 407
915 1529
728 731
988 1200
492 603
737 1374
193 1074
909 1427
390 1286
276 624
861 1253
240 569
752 1440
943 1170
408 654
208 252
369 493
656 1106
477 1474
660 982
106 857
310 962
630 850
520 541
466 1263
719 1399
540 1500
7 652
999 1302
222 630
547 978
450 719
905 1364
717 1453
454 1185
56 969
480 847
563 1026
938 1022
834 1239
232 786
84 857
864 1308
416 632
746 1737
623 1269
420 846
914 1592
884 1868
412 1103
713 1183
603 1149
187 354
359 485
602 796
882 1069
98 1065
958 1274
761 1488
530 1038
716 1222
505 994
931 1351
165 333
754 1333
857 1326
399 1212
365 1304
331 409
416 1350
622 921
471 1193
264 694
388 766
507 778
885 1461
776 1519
63 123
161 742
578 1494
510 1298
735 997
600 1054
200 1132
530 1147
216 369
914 1602
225 756
468 1434
907 1235
236 381
902 1267
886 1204
775 1175
897 1251
667 1428
140 895
21 762
207 429
23 113
189 781
242 346
278 1098
985 1084
785 1679
425 799
389 1069
737 1014
996 1509
675 922
217 912
6 364
449 477
450 1107
601 1075
746 1537
65 406
246 942
159 391
794 1091
476 1048
669 1536
251 1010
142 390
270 440
845 1333
864 1716
197 863
231 879
321 1154
472 892
974 1864
111 332
937 1561
452 536
919 1848
654 1596
794 1700
699 988
505 828
810 1161
161 836
554 913
691 1477
357 370
969 1152
784 1728
423 671
164 525
870 1839
443 586
248 699
83 479
707 842
683 1248
808 1654
267 1238
871 1693
680 1243
958 997
575 1503
572 1284
870 1866
958 1345
708 890
706 1210
323 1279
953 1712
350 1012
244 630
577 631
231 1076
375 478
665 721
665 1641
445 1038
902 920
655 781
13 979
863 937
146 717
576 1398
525 1056
931 1159
543 720
612 733
581 777
965 1922
650 1633
363 1031
958 1768
611 824
826 1093
689 881
583 1137
264 995
123 965
903 904
723 911
227 846
363 555
738 1035
739 795
604 994
390 1358
56 757
776 1444
264 1220
285 1240
498 1367
859 975
950 1285
308 515
334 366
393 1307
649 758
456 1196
404 600
147 156
584 1474
327 1320
941 1398
11 217
411 708
159 421
517 536
376 844
704 1389
673 712
67 486
303 372
526 1287
160 443
307 967
642 887
548 1519
236 726
426 675
46 236
896 1455
450 864
928 1108
233 867
215 474
671 955
677 1005
703 907
439 655
838 1585
874 1355
342 1117
450 1382
615 1492
531 1194
417 845
220 441
193 342
399 826
781 1396
36 842
249 963
484 790
269 1193
520 628
21 417
587 952
521 912
647 785
618 797
799 836
605 977
256 407
871 1527
576 1230
621 1587
810 1682
678 973
176 476
569 618
758 1349
443 790
306 1272
88 1042
454 1161
483 1089
742 832
976 1327
239 1087
357 526
852 1832
133 796
202 366
308 1039
815 1693
778 1352
820 1395
271 750
891 1251
432 778
66 982
950 1111
356 635
863 1812
125 346
468 799
551 1505
992 1098
468 1122
187 471
530 849
857 1208
892 1021
829 965
840 1454
832 1739
880 1663
418 1008
412 694
889 1779
854 1564
219 977
662 1227
863 994
217 268
414 1162
720 1344
450 1415
103 735
99 1043
596 1528
201 1030
65 1038
417 895
605 1264
719 1179
367 1306
569 599
502 935
512 1232
834 1113
819 1375
901 1523
519 876
252 1224
300 501
254 1108
28 701
825 1272
501 933
456 677
242 1067
159 971
205 219
243 961
85 516
347 1252
337 938
525 734
957 1087
179 789
329 1116
462 1172
458 747
155 1115
71 1036
180 494
788 1480
125 1119
704 1425
63 853
150 913
45 885
363 1286
48 721
51 631
281 1014
365 1109
442 618
383 1333
135 590
913 1581
768 822
358 604
399 462
965 1780
852 1321
576 1474
307 599
820 1528
963 1187
287 532
308 313
340 443
532 608
51 719
882 1200
334 985
370 1063
895 1017
106 319
935 1246
680 1193
208 1197
803 1184
695 815
955 1290
363 979
691 747
717 941
131 901
