100
60 158
83 160
55 71
10 30
7 14
77 172
61 66
61 138
96 151
6 98
43 85
97 166
70 137
96 104
77 106
74 165
25 83
18 52
24 53
4 37
86 168
26 74
37 77
23 57
93 176
76 114
23 98
5 100
40 42
53 123
82 110
59 67
37 115
92 154
57 154
93 137
29 101
90 109
11 78
3 60
48 129
93 117
54 105
69 164
4 79
63 150
2 78
45 85
4 43
52 115
86 133
5 74
69 166
86 167
62 153
37 100
70 153
37 62
33 41
70 160
33 119
75 163
60 81
26 92
10 42
79 129
77 162
17 64
32 88
79 126
45 114
8 76
50 149
43 79
57 123
24 115
51 151
78 142
72 129
80 115
87 147
83 100
96 149
15 44
8 103
75 129
62 98
73 138
33 50
0 91
82 107
81 167
76 88
0 1
67 149
34 42
92 111
23 112
70 109
17 48
